3.020782051448e+06	2.381848799138e+11	-7.931666568712e+07	4.883236026487e+10	6.325608319350e-02
3.062443868600e+06	2.000442241580e+11	-6.133222677911e+07	4.754497843913e+10	6.917873227727e-02
3.104680274379e+06	1.630441934557e+11	-7.272854684600e+07	4.779505283552e+10	7.743806384829e-02
3.147499193356e+06	1.328646289802e+11	-8.590125682334e+07	4.810540529811e+10	8.747580343824e-02
3.190908659397e+06	1.078296615050e+11	-1.028051652475e+08	4.871978617962e+10	1.001955582388e-01
3.234916817170e+06	8.723632332873e+10	-1.235110363267e+08	4.960933108582e+10	1.161263838958e-01
3.279531923671e+06	7.043322369519e+10	-1.487212502867e+08	5.073463390891e+10	1.355253434087e-01
3.324762349773e+06	5.688189182355e+10	-1.790009955887e+08	5.200158316040e+10	1.579418003600e-01
3.370616581801e+06	4.613582896514e+10	-2.144729488082e+08	5.325685485599e+10	1.820213636235e-01
3.417103223117e+06	3.776031825540e+10	-2.546197574424e+08	5.434067589429e+10	2.059414983299e-01
3.464230995743e+06	3.131506075898e+10	-2.983291983565e+08	5.514426528913e+10	2.281145480788e-01
3.512008741989e+06	2.637658289843e+10	-3.442027889358e+08	5.563557045426e+10	2.476566187317e-01
3.560445426117e+06	2.257447866852e+10	-3.909202097123e+08	5.584184606385e+10	2.643833102527e-01
3.609550136023e+06	1.961268213533e+10	-4.374518738188e+08	5.581649152520e+10	2.785402392324e-01
3.659332084938e+06	1.726907034744e+10	-4.830980810728e+08	5.561495322712e+10	2.905419803067e-01
3.709800613162e+06	1.538271905222e+10	-5.274336311860e+08	5.528416773283e+10	3.008181316484e-01
3.760965189814e+06	1.383861429042e+10	-5.702309947440e+08	5.486040448311e+10	3.097478236671e-01
3.812835414605e+06	1.255449814240e+10	-6.113944092791e+08	5.437062601658e+10	3.176422822315e-01
3.865421019647e+06	1.147106762337e+10	-6.509090368273e+08	5.383442294680e+10	3.247477324962e-01
3.918731871273e+06	1.054504079338e+10	-6.888100503312e+08	5.326596558026e+10	3.312552375574e-01
3.972777971888e+06	9.744338891566e+09	-7.251602469877e+08	5.267561829694e+10	3.373112784026e-01
4.027569461851e+06	9.044865031038e+09	-7.600373530227e+08	5.207083285410e+10	3.430270080743e-01
4.083116621372e+06	8.428223139115e+09	-7.935251232447e+08	5.145718638329e+10	3.484860983644e-01
4.139429872442e+06	7.880187983482e+09	-8.257096383495e+08	5.083868592531e+10	3.537507326769e-01
4.196519780791e+06	7.389599341278e+09	-8.566742283342e+08	5.021840284633e+10	3.588665260650e-01
4.254397057869e+06	6.947606813235e+09	-8.865007154588e+08	4.959854641720e+10	3.638661975767e-01
4.313072562854e+06	6.547088796745e+09	-9.152657777009e+08	4.898082207827e+10	3.687725890225e-01
4.372557304692e+06	6.182282751372e+09	-9.430420004038e+08	4.836649588382e+10	3.736008988515e-01
4.432862444161e+06	5.848446733955e+09	-9.698986247717e+08	4.775647583268e+10	3.783605630444e-01
4.493999295965e+06	5.541670291558e+09	-9.958985176537e+08	4.715149772038e+10	3.830566296567e-01
4.555979330857e+06	5.258687420785e+09	-1.021102499998e+09	4.655206003070e+10	3.876909153951e-01
4.618814177794e+06	4.996742773634e+09	-1.045567305437e+09	4.595853137952e+10	3.922628835872e-01
4.682515626114e+06	4.753515350439e+09	-1.069344188357e+09	4.537120537858e+10	3.967703235583e-01
4.747095627751e+06	4.527017924872e+09	-1.092483624814e+09	4.479024189953e+10	4.012099321948e-01
4.812566299478e+06	4.315539910196e+09	-1.115032601828e+09	4.421575637126e+10	4.055777142660e-01
4.878939925178e+06	4.117614681782e+09	-1.137033400256e+09	4.364783562261e+10	4.098693088243e-01
4.946228958150e+06	3.931962616354e+09	-1.158528366571e+09	4.308649063629e+10	4.140802677436e-01
5.014446023445e+06	3.757462295310e+09	-1.179557382507e+09	4.253170586074e+10	4.182062218248e-01
5.083603920239e+06	3.593138551770e+09	-1.200156282642e+09	4.198346616728e+10	4.222430186698e-01
5.153715624226e+06	3.438128452695e+09	-1.220361039414e+09	4.144172305084e+10	4.261868448898e-01
5.224794290060e+06	3.291663774520e+09	-1.240206592684e+09	4.090638604331e+10	4.300342766034e-01
5.296853253820e+06	3.153066730668e+09	-1.259724874367e+09	4.037739180792e+10	4.337823165757e-01
5.369906035512e+06	3.021734015262e+09	-1.278945826230e+09	3.985466701678e+10	4.374284332801e-01
5.443966341607e+06	2.897117693140e+09	-1.297903743245e+09	3.933807415116e+10	4.409705586489e-01
5.519048067612e+06	2.778735919302e+09	-1.316616019050e+09	3.882756212965e+10	4.444070471237e-01
5.595165300677e+06	2.666112863942e+09	-1.335148399058e+09	3.832285693716e+10	4.477366009881e-01
5.672332322238e+06	2.558954210969e+09	-1.353340939039e+09	3.782445612368e+10	4.509578780615e-01
5.750563610696e+06	2.456308751433e+09	-1.371792444822e+09	3.732942686315e+10	4.540683360744e-01
5.829873844137e+06	2.359217913817e+09	-1.387626869468e+09	3.684663577663e+10	4.570581365656e-01
5.910277903079e+06	2.260677172183e+09	-1.412431383661e+09	3.634464591326e+10	4.598961663006e-01
5.991790873271e+06	2.165310328921e+09	-1.349095156969e+09	3.586729097301e+10	4.624247402032e-01
6.074428048522e+06	7.375081475289e+08	-5.258971661230e+09	2.311350615880e+10	4.641605782681e-01
6.158204933564e+06	4.160019530255e+08	-7.061616564101e+09	1.185650958382e+10	4.642298572570e-01
6.243137246972e+06	4.100744864925e+08	-6.976383498278e+09	1.177791177563e+10	4.642329309301e-01
6.329240924103e+06	4.012432918077e+08	-6.930795213049e+09	1.166204991839e+10	4.642374612183e-01
6.416532120092e+06	3.934293760051e+08	-6.878680476800e+09	1.155647715056e+10	4.642412063030e-01
6.505027212881e+06	3.855886243985e+08	-6.828589439698e+09	1.145035717264e+10	4.642447744574e-01
6.594742806294e+06	3.779477719047e+08	-6.778452351461e+09	1.134566215195e+10	4.642480565941e-01
6.685695733146e+06	3.704503758877e+08	-6.728741842873e+09	1.124200480868e+10	4.642510996150e-01
6.777903058411e+06	3.631055250545e+08	-6.679345704846e+09	1.113942311344e+10	4.642539138755e-01
6.871382082414e+06	3.559073706037e+08	-6.630287507529e+09	1.103788628957e+10	4.642565164965e-01
6.966150344085e+06	3.488535738775e+08	-6.581559321396e+09	1.093737415246e+10	4.642589218722e-01
7.062225624244e+06	3.419410650605e+08	-6.533160547796e+09	1.083786744555e+10	4.642611438296e-01
7.159625948940e+06	3.351670146611e+08	-6.485088926200e+09	1.073934593620e+10	4.642631952294e-01
7.258369592832e+06	3.285286130037e+08	-6.437342543724e+09	1.064179215604e+10	4.642650881161e-01
7.358475082620e+06	3.220231156716e+08	-6.389919437429e+09	1.054518733709e+10	4.642668337503e-01
7.459961200516e+06	3.156478365788e+08	-6.342817588465e+09	1.044951416755e+10	4.642684426570e-01
7.562846987775e+06	3.094001448888e+08	-6.296034983899e+09	1.035475598464e+10	4.642699246716e-01
7.667151748261e+06	3.032774619497e+08	-6.249569651646e+09	1.026089751190e+10	4.642712889817e-01
7.772895052073e+06	2.972772616023e+08	-6.203419630774e+09	1.016792206606e+10	4.642725441668e-01
7.880096739215e+06	2.913970712825e+08	-6.157582929119e+09	1.007581657702e+10	4.642736982344e-01
7.988776923320e+06	2.856344681727e+08	-6.112057577074e+09	9.984565845009e+09	4.642747586571e-01
8.098955995422e+06	2.799870821322e+08	-6.066841544295e+09	9.894156341178e+09	4.642757324032e-01
8.210654627783e+06	2.744525900875e+08	-6.021932835025e+09	9.804574663477e+09	4.642766259689e-01
8.323893777771e+06	2.690287153349e+08	-5.977329484130e+09	9.715808729569e+09	4.642774454074e-01
8.438694691792e+06	2.637132279490e+08	-5.933029525463e+09	9.627845341415e+09	4.642781963564e-01
8.555078909279e+06	2.585039438632e+08	-5.889030992570e+09	9.540673786092e+09	4.642788840636e-01
8.673068266727e+06	2.533987239807e+08	-5.845331915301e+09	9.454281766068e+09	4.642795134121e-01
8.792684901799e+06	2.483954747184e+08	-5.801930285876e+09	9.368658301917e+09	4.642800889420e-01
8.913951257471e+06	2.434921438695e+08	-5.758824132494e+09	9.283792847627e+09	4.642806148730e-01
9.036890086247e+06	2.386867196698e+08	-5.716011522187e+09	9.199675149802e+09	4.642810951248e-01
9.161524454430e+06	2.339772325817e+08	-5.673490498651e+09	9.116295161138e+09	4.642815333361e-01
9.287877746444e+06	2.293617521910e+08	-5.631259136017e+09	9.033643492638e+09	4.642819328827e-01
9.415973669227e+06	2.248383892929e+08	-5.589315467552e+09	8.951710611632e+09	4.642822968947e-01
9.545836256676e+06	2.204052937450e+08	-5.547657516598e+09	8.870487694877e+09	4.642826282724e-01
9.677489874156e+06	2.160606515456e+08	-5.506283350024e+09	8.789966323166e+09	4.642829297017e-01
9.810959223075e+06	2.118026845089e+08	-5.465191068074e+09	8.710137676604e+09	4.642832036680e-01
9.946269345514e+06	2.076296521191e+08	-5.424378738625e+09	8.630994268465e+09	4.642834524696e-01
1.008344562893e+07	2.035398477832e+08	-5.383844473579e+09	8.552527846989e+09	4.642836782307e-01
1.022251381091e+07	1.995316017441e+08	-5.343586333867e+09	8.474730722178e+09	4.642838829126e-01
1.036349998402e+07	1.956032779118e+08	-5.303602392479e+09	8.397595482678e+09	4.642840683252e-01
1.050643060067e+07	1.917532721941e+08	-5.263890761692e+09	8.321115357666e+09	4.642842361374e-01
1.065133247812e+07	1.879800123815e+08	-5.224449578505e+09	8.245282564366e+09	4.642843878870e-01
1.079823280346e+07	1.842819592250e+08	-5.185276957568e+09	8.170091314601e+09	4.642845249895e-01
1.094715913875e+07	1.806576036948e+08	-5.146371048035e+09	8.095534358271e+09	4.642846487475e-01
1.109813942617e+07	1.771054693243e+08	-5.107729949541e+09	8.021605410408e+09	4.642847603580e-01
1.125120199329e+07	1.736241090144e+08	-5.069351783631e+09	7.948298362694e+09	4.642848609205e-01
1.140637555835e+07	1.702121038875e+08	-5.031234710560e+09	7.875607660579e+09	4.642849514440e-01
1.156368923567e+07	1.668680634040e+08	-4.993376909160e+09	7.803526508573e+09	4.642850328536e-01
1.172317254109e+07	1.635906258745e+08	-4.955776544924e+09	7.732050201461e+09	4.642851059967e-01
1.188485539757e+07	1.603784567633e+08	-4.918431802507e+09	7.661172511305e+09	4.642851716491e-01
1.204876814070e+07	1.572302499155e+08	-4.881340831119e+09	7.590888087584e+09	4.642852305200e-01
1.221494152449e+07	1.541447248239e+08	-4.844501810410e+09	7.521191669118e+09	4.642852832575e-01
1.238340672709e+07	1.511206259040e+08	-4.807912957681e+09	7.452078295509e+09	4.642853304532e-01
1.255419535666e+07	1.481567231988e+08	-4.771572489808e+09	7.383542390391e+09	4.642853726463e-01
1.272733945727e+07	1.452518114918e+08	-4.735478635064e+09	7.315579544983e+09	4.642854103283e-01
1.290287151496e+07	1.424047102639e+08	-4.699629617687e+09	7.248184425794e+09	4.642854439464e-01
1.308082446378e+07	1.396142636485e+08	-4.664023642283e+09	7.181352349384e+09	4.642854739074e-01
1.326123169202e+07	1.368793383869e+08	-4.628658944808e+09	7.115078813201e+09	4.642855005805e-01
1.344412704844e+07	1.341988233143e+08	-4.593533795125e+09	7.049359342083e+09	4.642855243009e-01
1.362954484864e+07	1.315716302207e+08	-4.558646452703e+09	6.984189414352e+09	4.642855453726e-01
1.381751988149e+07	1.289966921660e+08	-4.523995208547e+09	6.919564673544e+09	4.642855640706e-01
1.400808741566e+07	1.264729647420e+08	-4.489578325848e+09	6.855480634455e+09	4.642855806437e-01
1.420128320623e+07	1.239994248284e+08	-4.455394066922e+09	6.791933087622e+09	4.642855953170e-01
1.439714350141e+07	1.215750692274e+08	-4.421440726678e+09	6.728918043924e+09	4.642856082932e-01
1.459570504933e+07	1.191989143236e+08	-4.387716630980e+09	6.666431218893e+09	4.642856197555e-01
1.479700510495e+07	1.168699969961e+08	-4.354220088928e+09	6.604468839078e+09	4.642856298687e-01
1.500108143703e+07	1.145873727689e+08	-4.320949445754e+09	6.543026712445e+09	4.642856387810e-01
1.520797233524e+07	1.123501172898e+08	-4.287903013012e+09	6.482100851252e+09	4.642856466256e-01
1.541771661732e+07	1.101573247764e+08	-4.255079111265e+09	6.421687405643e+09	4.642856535222e-01
1.563035363637e+07	1.080081070656e+08	-4.222476092438e+09	6.361782820995e+09	4.642856595779e-01
1.584592328825e+07	1.059015934537e+08	-4.190092332722e+09	6.302383001946e+09	4.642856648886e-01
1.606446601904e+07	1.038369313593e+08	-4.157926192663e+09	6.243484775191e+09	4.642856695402e-01
1.628602283265e+07	1.018132846540e+08	-4.125976068825e+09	6.185084079533e+09	4.642856736094e-01
1.651063529851e+07	9.982983512254e+07	-4.094240321281e+09	6.127177332604e+09	4.642856771646e-01
1.673834555935e+07	9.788578078246e+07	-4.062717326660e+09	6.069760982584e+09	4.642856802666e-01
1.696919633913e+07	9.598033521173e+07	-4.031405492754e+09	6.012831766287e+09	4.642856829698e-01
1.720323095105e+07	9.411272754378e+07	-4.000303246087e+09	5.956385700173e+09	4.642856853223e-01
1.744049330567e+07	9.228220286214e+07	-3.969409001965e+09	5.900419951423e+09	4.642856873669e-01
1.768102791914e+07	9.048802098566e+07	-3.938721202379e+09	5.844930681000e+09	4.642856891414e-01
1.792487992160e+07	8.872945748909e+07	-3.908238258643e+09	5.789914550793e+09	4.642856906796e-01
1.817209506558e+07	8.700580221428e+07	-3.877958602104e+09	5.735368236038e+09	4.642856920109e-01
1.842271973462e+07	8.531635877754e+07	-3.847880693672e+09	5.681288666146e+09	4.642856931617e-01
1.867680095199e+07	8.366044470670e+07	-3.818003005580e+09	5.627672113936e+09	4.642856941551e-01
1.893438638947e+07	8.203739151502e+07	-3.788324005226e+09	5.574515921877e+09	4.642856950113e-01
1.919552437633e+07	8.044654390232e+07	-3.758842178654e+09	5.521816466564e+09	4.642856957482e-01
1.946026390838e+07	7.888726042878e+07	-3.729555986524e+09	5.469570610302e+09	4.642856963816e-01
1.972865465716e+07	7.735891222397e+07	-3.700463911237e+09	5.417775230616e+09	4.642856969252e-01
2.000074697927e+07	7.586088260325e+07	-3.671564463585e+09	5.366427377695e+09	4.642856973910e-01
2.027659192584e+07	7.439256731207e+07	-3.642856159587e+09	5.315523591393e+09	4.642856977895e-01
2.055624125204e+07	7.295337431286e+07	-3.614337518189e+09	5.265061226292e+09	4.642856981301e-01
2.083974742686e+07	7.154272345289e+07	-3.586007065861e+09	5.215036914250e+09	4.642856984206e-01
2.112716364293e+07	7.016004672481e+07	-3.557863310754e+09	5.165447669790e+09	4.642856986680e-01
2.141854382649e+07	6.880478721262e+07	-3.529904783386e+09	5.116290533485e+09	4.642856988784e-01
2.171394264752e+07	6.747639879341e+07	-3.502130040948e+09	5.067562644576e+09	4.642856990571e-01
2.201341552998e+07	6.617434646573e+07	-3.474537639307e+09	5.019260826097e+09	4.642856992086e-01
2.231701866224e+07	6.489810588989e+07	-3.447126145207e+09	4.971382432377e+09	4.642856993368e-01
2.262480900761e+07	6.364716341844e+07	-3.419894123107e+09	4.923924320485e+09	4.642856994452e-01
2.293684431500e+07	6.242101604689e+07	-3.392840125830e+09	4.876883627791e+09	4.642856995366e-01
2.325318312980e+07	6.121917058264e+07	-3.365962727675e+09	4.830257543214e+09	4.642856996136e-01
2.357388480482e+07	6.004114339336e+07	-3.339260527985e+09	4.784043241067e+09	4.642856996783e-01
2.389900951146e+07	5.888646077651e+07	-3.312732119978e+09	4.738237884215e+09	4.642856997327e-01
2.422861825099e+07	5.775465834213e+07	-3.286376114092e+09	4.692838766580e+09	4.642856997782e-01
2.456277286600e+07	5.664528131329e+07	-3.260191110194e+09	4.647842952813e+09	4.642856998163e-01
2.490153605198e+07	5.555788425669e+07	-3.234175701377e+09	4.603247702915e+09	4.642856998481e-01
2.524497136911e+07	5.449203041694e+07	-3.208328501531e+09	4.559050339713e+09	4.642856998747e-01
2.559314325417e+07	5.344729150901e+07	-3.182648147713e+09	4.515248162201e+09	4.642856998967e-01
2.594611703263e+07	5.242324808980e+07	-3.157133268088e+09	4.471838433700e+09	4.642856999151e-01
2.630395893093e+07	5.141948889981e+07	-3.131782510624e+09	4.428818536654e+09	4.642856999303e-01
2.666673608886e+07	5.043561127191e+07	-3.106594508147e+09	4.386185703780e+09	4.642856999429e-01
2.703451657222e+07	4.947122075836e+07	-3.081567890098e+09	4.343937298229e+09	4.642856999533e-01
2.740736938551e+07	4.852593059989e+07	-3.056701305146e+09	4.302070760999e+09	4.642856999619e-01
2.778536448497e+07	4.759936154657e+07	-3.031993423125e+09	4.260583484472e+09	4.642856999689e-01
2.816857279161e+07	4.669114220690e+07	-3.007442903335e+09	4.219472889798e+09	4.642856999747e-01
2.855706620461e+07	4.580090840424e+07	-2.983048425590e+09	4.178736433309e+09	4.642856999795e-01
2.895091761473e+07	4.492830361133e+07	-2.958808652444e+09	4.138371486550e+09	4.642856999834e-01
2.935020091803e+07	4.407297856688e+07	-2.934722243755e+09	4.098375531712e+09	4.642856999866e-01
2.975499102974e+07	4.323459081481e+07	-2.910787877502e+09	4.058746122180e+09	4.642856999892e-01
3.016536389827e+07	4.241280454971e+07	-2.887004251354e+09	4.019480750823e+09	4.642856999913e-01
3.058139651951e+07	4.160729093920e+07	-2.863370051759e+09	3.980576994903e+09	4.642856999930e-01
3.100316695126e+07	4.081772753267e+07	-2.839883984774e+09	3.942032324166e+09	4.642856999944e-01
3.143075432786e+07	4.004379867719e+07	-2.816544738167e+09	3.903844277705e+09	4.642856999955e-01
3.186423887506e+07	3.928519514659e+07	-2.793350997366e+09	3.866010435666e+09	4.642856999964e-01
3.230370192506e+07	3.854161375231e+07	-2.770301463829e+09	3.828528452831e+09	4.642856999971e-01
3.274922593177e+07	3.781275720033e+07	-2.747394856944e+09	3.791395940639e+09	4.642856999977e-01
3.320089448628e+07	3.709833438099e+07	-2.724629884459e+09	3.754610539507e+09	4.642856999982e-01
3.365879233254e+07	3.639805984224e+07	-2.702005271862e+09	3.718169924023e+09	4.642856999986e-01
3.412300538328e+07	3.571165414814e+07	-2.679519727268e+09	3.682071697869e+09	4.642856999989e-01
3.459362073611e+07	3.503884358316e+07	-2.657171954048e+09	3.646313560195e+09	4.642856999991e-01
3.507072668987e+07	3.437935978266e+07	-2.634960670073e+09	3.610893268165e+09	4.642856999993e-01
3.555441276118e+07	3.373293959941e+07	-2.612884609860e+09	3.575808557119e+09	4.642856999995e-01
3.604476970127e+07	3.309932535845e+07	-2.590942496974e+09	3.541057134987e+09	4.642856999996e-01
3.654188951297e+07	3.247826442596e+07	-2.569133068937e+09	3.506636816598e+09	4.642856999997e-01
3.704586546799e+07	3.186950948016e+07	-2.547455047720e+09	3.472545307826e+09	4.642856999997e-01
3.755679212443e+07	3.127281829683e+07	-2.525907147950e+09	3.438780410229e+09	4.642856999998e-01
3.807476534450e+07	3.068795341111e+07	-2.504488095786e+09	3.405339978941e+09	4.642856999999e-01
3.859988231252e+07	3.011468198438e+07	-2.483196632260e+09	3.372221893776e+09	4.642856999999e-01
3.913224155315e+07	2.955277600802e+07	-2.462031488912e+09	3.339423924296e+09	4.642856999999e-01
3.967194294987e+07	2.900201199782e+07	-2.440991405048e+09	3.306944062481e+09	4.642856999999e-01
4.021908776373e+07	2.846217111959e+07	-2.420075109421e+09	3.274780100829e+09	4.642857000000e-01
4.077377865235e+07	2.793303912386e+07	-2.399281317513e+09	3.242929969615e+09	4.642857000000e-01
4.133611968917e+07	2.741440599160e+07	-2.378608753848e+09	3.211391628361e+09	4.642857000000e-01
4.190621638299e+07	2.690606580730e+07	-2.358056155875e+09	3.180163100883e+09	4.642857000000e-01
4.248417569776e+07	2.640781689072e+07	-2.337622255348e+09	3.149242195069e+09	4.642857000000e-01
4.307010607262e+07	2.591946168179e+07	-2.317305780891e+09	3.118627105236e+09	4.642857000000e-01
4.366411744232e+07	2.544080664907e+07	-2.297105458668e+09	3.088315708446e+09	4.642857000000e-01
4.426632125776e+07	2.497166240369e+07	-2.277019994562e+09	3.058306056346e+09	4.642857000000e-01
4.487683050697e+07	2.451184333811e+07	-2.257048099304e+09	3.028596221074e+09	4.642857000000e-01
4.549575973626e+07	2.406116749952e+07	-2.237188493306e+09	2.999184374734e+09	4.642857000000e-01
4.612322507175e+07	2.361945664618e+07	-2.217439894806e+09	2.970068425822e+09	4.642857000000e-01
4.675934424112e+07	2.318653629560e+07	-2.197801008276e+09	2.941246740794e+09	4.642857000000e-01
4.740423659574e+07	2.276223544754e+07	-2.178270543459e+09	2.912717315165e+09	4.642857000000e-01
4.805802313302e+07	2.234638686242e+07	-2.158847181875e+09	2.884478342990e+09	4.642857000000e-01
4.872082651915e+07	2.193882669355e+07	-2.139529604846e+09	2.856528024122e+09	4.642857000000e-01
4.939277111211e+07	2.153939435958e+07	-2.120316499413e+09	2.828864651665e+09	4.642857000000e-01
5.007398298495e+07	2.114793253597e+07	-2.101206552992e+09	2.801486333746e+09	4.642857000000e-01
5.076458994953e+07	2.076428732614e+07	-2.082198429843e+09	2.774391515502e+09	4.642857000000e-01
5.146472158044e+07	2.038830787143e+07	-2.063290803311e+09	2.747578384952e+09	4.642857000000e-01
5.217450923932e+07	2.001984670548e+07	-2.044482313708e+09	2.721045271108e+09	4.642857000000e-01
5.289408609953e+07	1.965875944987e+07	-2.025771592289e+09	2.694790528717e+09	4.642857000000e-01
5.362358717110e+07	1.930490466933e+07	-2.007157269874e+09	2.668812582345e+09	4.642857000000e-01
5.436314932611e+07	1.895814381353e+07	-1.988637977082e+09	2.643109832821e+09	4.642857000000e-01
5.511291132432e+07	1.861834140575e+07	-1.970212318543e+09	2.617680733501e+09	4.642857000000e-01
5.587301383924e+07	1.828536472536e+07	-1.951878900139e+09	2.592523773523e+09	4.642857000000e-01
5.664359948451e+07	1.795908404640e+07	-1.933636297647e+09	2.567637423202e+09	4.642857000000e-01
5.742481284065e+07	1.763937250780e+07	-1.915483064235e+09	2.543020230401e+09	4.642857000000e-01
5.821680048220e+07	1.732610592835e+07	-1.897417744447e+09	2.518670788767e+09	4.642857000000e-01
5.901971100523e+07	1.701916272819e+07	-1.879438877291e+09	2.494587773726e+09	4.642857000000e-01
5.983369505520e+07	1.671842401373e+07	-1.861544981444e+09	2.470769692327e+09	4.642857000000e-01
6.065890535521e+07	1.642377357687e+07	-1.843734549555e+09	2.447215418444e+09	4.642857000000e-01
6.149549673470e+07	1.613509772948e+07	-1.826006061134e+09	2.423923568594e+09	4.642857000000e-01
6.234362615848e+07	1.585228552339e+07	-1.808357952069e+09	2.400892938726e+09	4.642857000000e-01
6.320345275616e+07	1.557522849668e+07	-1.790788637679e+09	2.378122355012e+09	4.642857000000e-01
6.407513785204e+07	1.530382059237e+07	-1.773296516818e+09	2.355610729440e+09	4.642857000000e-01
6.495884499533e+07	1.503795814255e+07	-1.755879968829e+09	2.333356941023e+09	4.642857000000e-01
6.585473999091e+07	1.477754004516e+07	-1.738537327770e+09	2.311360011365e+09	4.642857000000e-01
6.676299093037e+07	1.452246746548e+07	-1.721266912320e+09	2.289618943885e+09	4.642857000000e-01
6.768376822358e+07	1.427264411185e+07	-1.704066988196e+09	2.268132806793e+09	4.642857000000e-01
6.861724463064e+07	1.402797610396e+07	-1.686935778621e+09	2.246900746807e+09	4.642857000000e-01
6.956359529435e+07	1.378837185991e+07	-1.669871472996e+09	2.225921984459e+09	4.642857000000e-01
7.052299777300e+07	1.355374204991e+07	-1.652872228098e+09	2.205195853838e+09	4.642857000000e-01
7.149563207373e+07	1.332399965967e+07	-1.635936156086e+09	2.184721573741e+09	4.642857000000e-01
7.248168068628e+07	1.309906008186e+07	-1.619061308801e+09	2.164498724367e+09	4.642857000000e-01
7.348132861725e+07	1.287884090868e+07	-1.602245699148e+09	2.144526717438e+09	4.642857000000e-01
7.449476342481e+07	1.266326221989e+07	-1.585487261099e+09	2.124805159353e+09	4.642857000000e-01
7.552217525385e+07	1.245224640749e+07	-1.568783867482e+09	2.105333735186e+09	4.642857000000e-01
7.656375687172e+07	1.224571813559e+07	-1.552133331273e+09	2.086112244822e+09	4.642857000000e-01
7.761970370435e+07	1.204360433462e+07	-1.535533403115e+09	2.067140614057e+09	4.642857000000e-01
7.869021387294e+07	1.184583433223e+07	-1.518981751469e+09	2.048418735355e+09	4.642857000000e-01
7.977548823111e+07	1.165233987281e+07	-1.502475957050e+09	2.029946859914e+09	4.642857000000e-01
8.087573040261e+07	1.146305506458e+07	-1.486013516983e+09	2.011725156749e+09	4.642857000000e-01
8.199114681953e+07	1.127791662107e+07	-1.469591810966e+09	1.993754029924e+09	4.642857000000e-01
8.312194676098e+07	1.109686375864e+07	-1.453208112527e+09	1.976034022202e+09	4.642857000000e-01
8.426834239242e+07	1.091983822162e+07	-1.436859584184e+09	1.958565855694e+09	4.642857000000e-01
8.543054880543e+07	1.074678433491e+07	-1.420543269848e+09	1.941350448881e+09	4.642857000000e-01
8.660878405807e+07	1.057764918768e+07	-1.404256070742e+09	1.924388776904e+09	4.642857000000e-01
8.780326921581e+07	1.041238276261e+07	-1.387994731143e+09	1.907682255783e+09	4.642857000000e-01
8.901422839298e+07	1.025093797363e+07	-1.371755846163e+09	1.891232342707e+09	4.642857000000e-01
9.024188879487e+07	1.009327123012e+07	-1.355535837338e+09	1.875040865783e+09	4.642857000000e-01
9.148648076027e+07	9.939343311307e+06	-1.339331046669e+09	1.859110045964e+09	4.642857000000e-01
9.274823780478e+07	9.789123062248e+06	-1.323138119826e+09	1.843442944555e+09	4.642857000000e-01
9.402739666458e+07	9.642602285914e+06	-1.306955687806e+09	1.828045159554e+09	4.642857000000e-01
9.532419734084e+07	9.499856958909e+06	-1.290791575846e+09	1.812931637852e+09	4.642857000000e-01
9.663888314478e+07	9.361299415656e+06	-1.274693480887e+09	1.798155141401e+09	4.642857000000e-01
9.797170074327e+07	9.228706456068e+06	-1.258877895068e+09	1.783921234575e+09	4.642857000000e-01
9.932290020519e+07	9.109215180350e+06	-1.244244983637e+09	1.771032856823e+09	4.642857000000e-01
