3.020782051448e+06	1.376312793863e+11	-1.483787305448e+08	5.949078271386e+10	1.559259226649e-01	8.478343670416e+29
3.062443868600e+06	1.197027817414e+11	-1.430865311253e+08	5.870979278247e+10	1.639177336190e-01	7.370773019819e+29
3.104680274379e+06	1.028856998846e+11	-1.631042948029e+08	5.890032927018e+10	1.734214761841e-01	6.477092473670e+29
3.147499193356e+06	8.809593496496e+10	-1.834490021737e+08	5.911721313468e+10	1.845089129526e-01	5.694879794855e+29
3.190908659397e+06	7.528267575368e+10	-2.089684012251e+08	5.950050263703e+10	1.970744914951e-01	5.035960342839e+29
3.234916817170e+06	6.421632819110e+10	-2.382030145174e+08	6.000048447202e+10	2.110655838003e-01	4.478667347246e+29
3.279531923671e+06	5.475889854167e+10	-2.717507793544e+08	6.056267438338e+10	2.261665013011e-01	4.008726080850e+29
3.324762349773e+06	4.677586177945e+10	-3.094183441825e+08	6.110927908769e+10	2.418074237892e-01	3.611856108837e+29
3.370616581801e+06	4.013154131253e+10	-3.507346361297e+08	6.156459943677e+10	2.572668396066e-01	3.275614804138e+29
3.417103223117e+06	3.466704915734e+10	-3.948270492358e+08	6.187539998953e+10	2.718850797222e-01	2.989084056697e+29
3.464230995743e+06	3.020564568406e+10	-4.406443646523e+08	6.201988646659e+10	2.852174556515e-01	2.743027966653e+29
3.512008741989e+06	2.656941140248e+10	-4.871493928675e+08	6.200277435690e+10	2.970686604435e-01	2.529850746526e+29
3.560445426117e+06	2.359592620152e+10	-5.334603593990e+08	6.184417867969e+10	3.074372576553e-01	2.343455054773e+29
3.609550136023e+06	2.114748171345e+10	-5.789040800464e+08	6.156965351818e+10	3.164355540470e-01	2.179015841793e+29
3.659332084938e+06	1.911287453582e+10	-6.230102187993e+08	6.120414830896e+10	3.242246859238e-01	2.032737260103e+29
3.709800613162e+06	1.740487312732e+10	-6.654758023647e+08	6.076926100869e+10	3.309744560328e-01	1.901631252909e+29
3.760965189814e+06	1.595607424282e+10	-7.061236005804e+08	6.028245632020e+10	3.368431985669e-01	1.783332728763e+29
3.812835414605e+06	1.471462436765e+10	-7.448682232598e+08	5.975752539334e+10	3.419700806707e-01	1.675953934585e+29
3.865421019647e+06	1.364057975976e+10	-7.816847974486e+08	5.920506556964e+10	3.464736038615e-01	1.577975680416e+29
3.918731871273e+06	1.270304360229e+10	-8.165911442644e+08	5.863314362925e+10	3.504531779725e-01	1.488159933110e+29
3.972777971888e+06	1.187789052965e+10	-8.496302421718e+08	5.804795514435e+10	3.539917440965e-01	1.405491176875e+29
4.027569461851e+06	1.114617626962e+10	-8.808626972704e+08	5.745413390666e+10	3.571583605405e-01	1.329124253051e+29
4.083116621372e+06	1.049283403706e+10	-9.103570718112e+08	5.685527032994e+10	3.600107973504e-01	1.258353078009e+29
4.139429872442e+06	9.905823962008e+09	-9.381878826245e+08	5.625403994479e+10	3.625975041517e-01	1.192578745059e+29
4.196519780791e+06	9.375382665929e+09	-9.644306027827e+08	5.565250098458e+10	3.649594566329e-01	1.131292304810e+29
4.254397057869e+06	8.893577051800e+09	-9.891600851290e+08	5.505223717407e+10	3.671314511869e-01	1.074055640273e+29
4.313072562854e+06	8.453859154442e+09	-1.012450734576e+09	5.445438359448e+10	3.691433036341e-01	1.020489880523e+29
4.372557304692e+06	8.050816391180e+09	-1.034372361659e+09	5.385988055354e+10	3.710207007939e-01	9.702656795458e+28
4.432862444161e+06	7.679924406102e+09	-1.054994084696e+09	5.326936380307e+10	3.727859216917e-01	9.230934364288e+28
4.493999295965e+06	7.337364785317e+09	-1.074381280915e+09	5.268333027083e+10	3.744584204087e-01	8.787189005912e+28
4.555979330857e+06	7.019923617252e+09	-1.092594590020e+09	5.210216923224e+10	3.760552425743e-01	8.369166994939e+28
4.618814177794e+06	6.724848052224e+09	-1.109693926159e+09	5.152609005939e+10	3.775914336360e-01	7.974857501556e+28
4.682515626114e+06	6.449776036535e+09	-1.125734913765e+09	5.095528064559e+10	3.790803121974e-01	7.602470009293e+28
4.747095627751e+06	6.192684110224e+09	-1.140769067321e+09	5.038986723445e+10	3.805336942906e-01	7.250395451345e+28
4.812566299478e+06	5.951807062560e+09	-1.154847462859e+09	4.982986630775e+10	3.819621173093e-01	6.917180143494e+28
4.878939925178e+06	5.725605644608e+09	-1.168017581046e+09	4.927530161206e+10	3.833749794628e-01	6.601514731438e+28
4.946228958150e+06	5.512744455704e+09	-1.180322639514e+09	4.872617393032e+10	3.847806631834e-01	6.302211278491e+28
5.014446023445e+06	5.312041831301e+09	-1.191806033778e+09	4.818241897319e+10	3.861866676590e-01	6.018184259817e+28
5.083603920239e+06	5.122449579028e+09	-1.202508569550e+09	4.764396546219e+10	3.875996833931e-01	5.748447401805e+28
5.153715624226e+06	4.943049521395e+09	-1.212467284166e+09	4.711074481703e+10	3.890256619746e-01	5.492097790245e+28
5.224794290060e+06	4.773021643020e+09	-1.221718255167e+09	4.658267808606e+10	3.904699010150e-01	5.248306293860e+28
5.296853253820e+06	4.611628674794e+09	-1.230297048767e+09	4.605963378098e+10	3.919370871115e-01	5.016309516162e+28
5.369906035512e+06	4.458212519083e+09	-1.238236463017e+09	4.554151335050e+10	3.934313425606e-01	4.795406407144e+28
5.443966341607e+06	4.312187279527e+09	-1.245566566243e+09	4.502821080657e+10	3.949562686718e-01	4.584949567042e+28
5.519048067612e+06	4.173021274257e+09	-1.252317488010e+09	4.451960861814e+10	3.965149933772e-01	4.384338372941e+28
5.595165300677e+06	4.040229733679e+09	-1.258518712420e+09	4.401556340448e+10	3.981101935341e-01	4.193016652536e+28
5.672332322238e+06	3.913377084257e+09	-1.264197311302e+09	4.351596085550e+10	3.997441214712e-01	4.010469175472e+28
5.750563610696e+06	3.792070209435e+09	-1.269378407863e+09	4.302068017200e+10	4.014186388085e-01	3.836216901153e+28
5.829873844137e+06	3.675948830593e+09	-1.274087077620e+09	4.252959868808e+10	4.031352448457e-01	3.669812728959e+28
5.910277903079e+06	3.564680326440e+09	-1.278348453856e+09	4.204256908570e+10	4.048950922799e-01	3.510839325818e+28
5.991790873271e+06	3.457962597870e+09	-1.282185488894e+09	4.155946950190e+10	4.066990041369e-01	3.358908565829e+28
6.074428048522e+06	3.355521257800e+09	-1.285619874300e+09	4.108017195374e+10	4.085474990402e-01	3.213656651934e+28
6.158204933564e+06	3.257102612462e+09	-1.288672601762e+09	4.060456187743e+10	4.104408139360e-01	3.074743683002e+28
6.243137246972e+06	3.162471428910e+09	-1.291365139422e+09	4.013249580530e+10	4.123789159239e-01	2.941849587090e+28
6.329240924103e+06	3.071409448323e+09	-1.293717976640e+09	3.966383976227e+10	4.143615167133e-01	2.814675278680e+28
6.416532120092e+06	2.983717771289e+09	-1.295750312992e+09	3.919847344990e+10	4.163880868743e-01	2.692939574875e+28
6.505027212881e+06	2.899212277289e+09	-1.297480338280e+09	3.873627208204e+10	4.184578778327e-01	2.576378584504e+28
6.594742806294e+06	2.817721887858e+09	-1.298926177895e+09	3.827711319347e+10	4.205699345471e-01	2.464743380547e+28
6.685695733146e+06	2.739084933149e+09	-1.300106594035e+09	3.782085654635e+10	4.227231075990e-01	2.357798970709e+28
6.777903058411e+06	2.663151726327e+09	-1.301039078537e+09	3.736737275130e+10	4.249160604503e-01	2.255324733935e+28
6.871382082414e+06	2.589784183070e+09	-1.301740556660e+09	3.691653910815e+10	4.271472863360e-01	2.157111845561e+28
6.966150344085e+06	2.518853342228e+09	-1.302227019885e+09	3.646823115810e+10	4.294151236069e-01	2.062963982771e+28
7.062225624244e+06	2.450237773818e+09	-1.302516227471e+09	3.602231985690e+10	4.317177667744e-01	1.972693989468e+28
7.159625948940e+06	2.383828771773e+09	-1.302631598411e+09	3.557870044233e+10	4.340532807143e-01	1.886132655261e+28
7.258369592832e+06	2.319535840218e+09	-1.302570979142e+09	3.513733528435e+10	4.364196264931e-01	1.803131995184e+28
7.358475082620e+06	2.257204057709e+09	-1.302354775226e+09	3.469779913088e+10	4.388146554507e-01	1.723473675344e+28
7.459961200516e+06	2.196783852716e+09	-1.302015002697e+09	3.426019786620e+10	4.412359963873e-01	1.647056617186e+28
7.562846987775e+06	2.138175277866e+09	-1.301553275062e+09	3.382434313573e+10	4.436813235840e-01	1.573726692019e+28
7.667151748261e+06	2.081297659476e+09	-1.300988926127e+09	3.339011132487e+10	4.461481603315e-01	1.503352733693e+28
7.772895052073e+06	2.026070043540e+09	-1.300340254496e+09	3.295734336744e+10	4.486339448602e-01	1.435804709686e+28
7.880096739215e+06	1.972432720246e+09	-1.299613926460e+09	3.252593164175e+10	4.511359061964e-01	1.370969430950e+28
7.988776923320e+06	1.920315346137e+09	-1.298871082753e+09	3.209546040278e+10	4.536506577158e-01	1.308702630950e+28
8.098955995422e+06	1.869896709492e+09	-1.297963632834e+09	3.166615838257e+10	4.561721888729e-01	1.249014069148e+28
8.210654627783e+06	1.822142690519e+09	-1.299044057318e+09	3.123915079490e+10	4.586855477177e-01	1.192249175227e+28
8.323893777771e+06	1.774071914276e+09	-1.255337775963e+09	3.076882050278e+10	4.611208481188e-01	1.133138247098e+28
8.438694691792e+06	1.488600237540e+09	-1.897163188030e+09	2.899606396678e+10	4.632388047934e-01	8.950164834456e+27
8.555078909279e+06	3.728948022949e+08	-5.829785083952e+09	1.117706077821e+10	4.642390439302e-01	5.870036905083e+26
8.673068266727e+06	3.676015358006e+08	-5.760994030352e+09	1.108645676895e+10	4.642420841993e-01	5.735598249497e+26
8.792684901799e+06	3.596759723908e+08	-5.723205852017e+09	1.095484813857e+10	4.642464882880e-01	5.539814007638e+26
8.913951257471e+06	3.526693948231e+08	-5.680273573965e+09	1.083693021977e+10	4.642500462719e-01	5.368715914169e+26
9.036890086247e+06	3.456410461451e+08	-5.638892607480e+09	1.071949415232e+10	4.642533708555e-01	5.200345114032e+26
9.161524454430e+06	3.387948236548e+08	-5.597443136065e+09	1.060499081568e+10	4.642563703687e-01	5.038898619779e+26
9.287877746444e+06	3.320795564907e+08	-5.556301177160e+09	1.049275713694e+10	4.642591005769e-01	4.883083637366e+26
9.415973669227e+06	3.255031299163e+08	-5.515381860756e+09	1.038277293877e+10	4.642615809718e-01	4.732832224371e+26
9.545836256676e+06	3.190600075996e+08	-5.474707210361e+09	1.027490187189e+10	4.642638358062e-01	4.587836770564e+26
9.677489874156e+06	3.127478445757e+08	-5.434274000817e+09	1.016904030140e+10	4.642658854973e-01	4.447864631116e+26
9.810959223075e+06	3.065636630698e+08	-5.394084560678e+09	1.006508834658e+10	4.642677488003e-01	4.312686795542e+26
9.946269345514e+06	3.005047239504e+08	-5.354139675311e+09	9.962953797450e+09	4.642694426083e-01	4.182091001953e+26
1.008344562893e+07	2.945683260879e+08	-5.314440197060e+09	9.862550521734e+09	4.642709822300e-01	4.055878429391e+26
1.022251381091e+07	2.887518456178e+08	-5.274986745382e+09	9.763798466202e+09	4.642723815365e-01	3.933862160276e+26
1.036349998402e+07	2.830527278953e+08	-5.235779713515e+09	9.666622867166e+09	4.642736531126e-01	3.815867518327e+26
1.050643060067e+07	2.774684842328e+08	-5.196819315132e+09	9.570954316648e+09	4.642748083857e-01	3.701730339152e+26
1.065133247812e+07	2.719966860360e+08	-5.158105654949e+09	9.476728363708e+09	4.642758577413e-01	3.591295393859e+26
1.079823280346e+07	2.666349629492e+08	-5.119638734861e+09	9.383884128326e+09	4.642768106254e-01	3.484415700180e+26
1.094715913875e+07	2.613810045353e+08	-5.081418392491e+09	9.292365733560e+09	4.642776756344e-01	3.380952974341e+26
1.109813942617e+07	2.562325539224e+08	-5.043444393201e+09	9.202119990357e+09	4.642784605977e-01	3.280775805461e+26
1.125120199329e+07	2.511874115624e+08	-5.005716328894e+09	9.113097577040e+09	4.642791726487e-01	3.183760601094e+26
1.140637555835e+07	2.462434295734e+08	-4.968233700074e+09	9.025252501825e+09	4.642798182902e-01	3.089790070995e+26
1.156368923567e+07	2.413985085386e+08	-4.930995954587e+09	8.938542260877e+09	4.642804034532e-01	2.998752439539e+26
1.172317254109e+07	2.366505967223e+08	-4.894002479161e+09	8.852925815416e+09	4.642809335483e-01	2.910541161441e+26
1.188485539757e+07	2.319976908634e+08	-4.857252559601e+09	8.768366414845e+09	4.642814135129e-01	2.825055236199e+26
1.204876814070e+07	2.274378319622e+08	-4.820745443065e+09	8.684827975970e+09	4.642818478539e-01	2.742198073618e+26
1.221494152449e+07	2.229691084713e+08	-4.784480247879e+09	8.602277512521e+09	4.642822406851e-01	2.661878312720e+26
1.238340672709e+07	2.185896508185e+08	-4.748456055221e+09	8.520684017853e+09	4.642825957625e-01	2.584008522715e+26
1.255419535666e+07	2.142976294960e+08	-4.712671929808e+09	8.440018808283e+09	4.642829165151e-01	2.508504826789e+26
1.272733945727e+07	2.100912552742e+08	-4.677126894825e+09	8.360253678201e+09	4.642832060740e-01	2.435286917391e+26
1.290287151496e+07	2.059687792623e+08	-4.641819910184e+09	8.281364010222e+09	4.642834672969e-01	2.364278192000e+26
1.308082446378e+07	2.019284903470e+08	-4.606749908193e+09	8.203324981791e+09	4.642837027929e-01	2.295405130272e+26
1.326123169202e+07	1.979687170001e+08	-4.571915732407e+09	8.126114071395e+09	4.642839149426e-01	2.228597756727e+26
1.344412704844e+07	1.940878229285e+08	-4.537316216109e+09	8.049710119516e+09	4.642841059185e-01	2.163788728993e+26
1.362954484864e+07	1.902842058470e+08	-4.502950193076e+09	7.974093484307e+09	4.642842777022e-01	2.100913142575e+26
1.381751988149e+07	1.865562984024e+08	-4.468816458124e+09	7.899244933560e+09	4.642844321005e-01	2.039908735122e+26
1.400808741566e+07	1.829025665890e+08	-4.434913785948e+09	7.825147394996e+09	4.642845707604e-01	1.980715648484e+26
1.420128320623e+07	1.793215096764e+08	-4.401240915070e+09	7.751783705509e+09	4.642846951829e-01	1.923276410757e+26
1.439714350141e+07	1.758116602603e+08	-4.367796527424e+09	7.679138315004e+09	4.642848067346e-01	1.867536000968e+26
1.459570504933e+07	1.723715808788e+08	-4.334579313650e+09	7.607196588389e+09	4.642849066597e-01	1.813441226234e+26
1.479700510495e+07	1.689998632264e+08	-4.301587977189e+09	7.535944657895e+09	4.642849960900e-01	1.760940624360e+26
1.500108143703e+07	1.656951295721e+08	-4.268821182477e+09	7.465369305381e+09	4.642850760550e-01	1.709984772673e+26
1.520797233524e+07	1.624560301953e+08	-4.236277603532e+09	7.395458239067e+09	4.642851474897e-01	1.660525860476e+26
1.541771661732e+07	1.592812450365e+08	-4.203955865077e+09	7.326199489718e+09	4.642852112435e-01	1.612518019905e+26
1.563035363637e+07	1.561694821005e+08	-4.171854566836e+09	7.257582001728e+09	4.642852680872e-01	1.565917076876e+26
1.584592328825e+07	1.531194752915e+08	-4.139972325055e+09	7.189595476596e+09	4.642853187197e-01	1.520680211217e+26
1.606446601904e+07	1.501299839032e+08	-4.108307772067e+09	7.122229853169e+09	4.642853637744e-01	1.476765908210e+26
1.628602283265e+07	1.471997940474e+08	-4.076859502791e+09	7.055476017126e+09	4.642854038247e-01	1.434134254114e+26
1.651063529851e+07	1.443277157783e+08	-4.045626138049e+09	6.989324863794e+09	4.642854393895e-01	1.392746479450e+26
1.673834555935e+07	1.415125853256e+08	-4.014606247954e+09	6.923767788650e+09	4.642854709377e-01	1.352565369328e+26
1.696919633913e+07	1.387532629941e+08	-3.983798394705e+09	6.858796768490e+09	4.642854988929e-01	1.313554948837e+26
1.720323095105e+07	1.360486315565e+08	-3.953201164263e+09	6.794404364896e+09	4.642855236372e-01	1.275680266303e+26
1.744049330567e+07	1.333975960334e+08	-3.922813159759e+09	6.730582902640e+09	4.642855455151e-01	1.238907389512e+26
1.768102791914e+07	1.307990848497e+08	-3.892632954142e+09	6.667325886557e+09	4.642855648370e-01	1.203203637497e+26
1.792487992160e+07	1.282520473540e+08	-3.862659148867e+09	6.604626276554e+09	4.642855818820e-01	1.168537215549e+26
1.817209506558e+07	1.257554559784e+08	-3.832890295883e+09	6.542477685578e+09	4.642855969009e-01	1.134877582097e+26
1.842271973462e+07	1.233083038494e+08	-3.803324954710e+09	6.480874000976e+09	4.642856101191e-01	1.102195114424e+26
1.867680095199e+07	1.209096037615e+08	-3.773961711184e+09	6.419809622048e+09	4.642856217387e-01	1.070460997178e+26
1.893438638947e+07	1.185583881872e+08	-3.744799165094e+09	6.359278410876e+09	4.642856319406e-01	1.039647247262e+26
1.919552437633e+07	1.162537100407e+08	-3.715835893407e+09	6.299275603821e+09	4.642856408869e-01	1.009726867765e+26
1.946026390838e+07	1.139946407313e+08	-3.687070498453e+09	6.239795550288e+09	4.642856487224e-01	9.806735867255e+25
1.972865465716e+07	1.117802718422e+08	-3.658501541395e+09	6.180833221040e+09	4.642856555764e-01	9.524621226751e+25
2.000074697927e+07	1.096097129959e+08	-3.630127597558e+09	6.122383766283e+09	4.642856615642e-01	9.250679135603e+25
2.027659192584e+07	1.074820910643e+08	-3.601947270760e+09	6.064442720171e+09	4.642856667886e-01	8.984670436114e+25
2.055624125204e+07	1.053965503860e+08	-3.573959174784e+09	6.007005001613e+09	4.642856713410e-01	8.726362918402e+25
2.083974742686e+07	1.033522530795e+08	-3.546161910722e+09	5.950066789222e+09	4.642856753026e-01	8.475532085081e+25
2.112716364293e+07	1.013483777698e+08	-3.518554097755e+09	5.893623391428e+09	4.642856787455e-01	8.231959700487e+25
2.141854382649e+07	9.938412076921e+07	-3.491134320365e+09	5.837670550217e+09	4.642856817335e-01	7.995435249017e+25
2.171394264752e+07	9.745869412883e+07	-3.463901183326e+09	5.782204252497e+09	4.642856843233e-01	7.765754133000e+25
2.201341552998e+07	9.557132509234e+07	-3.436853320223e+09	5.727220701421e+09	4.642856865648e-01	7.542716965053e+25
2.231701866224e+07	9.372125648307e+07	-3.409989368960e+09	5.672715575379e+09	4.642856885021e-01	7.326130282320e+25
2.262480900761e+07	9.190774659027e+07	-3.383307964317e+09	5.618685564699e+09	4.642856901741e-01	7.115806676249e+25
2.293684431500e+07	9.013006852681e+07	-3.356807749718e+09	5.565126575296e+09	4.642856916152e-01	6.911564148624e+25
2.325318312980e+07	8.838751083270e+07	-3.330487343293e+09	5.512034977173e+09	4.642856928554e-01	6.713227001204e+25
2.357388480482e+07	8.667937588481e+07	-3.304345385415e+09	5.459407206432e+09	4.642856939211e-01	6.520624182454e+25
2.389900951146e+07	8.500497947009e+07	-3.278380544809e+09	5.407239863703e+09	4.642856948356e-01	6.333589020484e+25
2.422861825099e+07	8.336365129530e+07	-3.252591488889e+09	5.355529178942e+09	4.642856956192e-01	6.151959927655e+25
2.456277286600e+07	8.175473448571e+07	-3.226976892173e+09	5.304272072336e+09	4.642856962896e-01	5.975580050377e+25
2.490153605198e+07	8.017758552057e+07	-3.201535427958e+09	5.253464893272e+09	4.642856968622e-01	5.804297301382e+25
2.524497136911e+07	7.863157437415e+07	-3.176265751474e+09	5.203104352446e+09	4.642856973505e-01	5.637964648609e+25
2.559314325417e+07	7.711608320730e+07	-3.151166541265e+09	5.153187168424e+09	4.642856977664e-01	5.476438841211e+25
2.594611703263e+07	7.563050602950e+07	-3.126236503589e+09	5.103710279763e+09	4.642856981200e-01	5.319580433730e+25
2.630395893093e+07	7.417424929914e+07	-3.101474337952e+09	5.054670271915e+09	4.642856984202e-01	5.167254192799e+25
2.666673608886e+07	7.274673112891e+07	-3.076878759729e+09	5.006064171332e+09	4.642856986746e-01	5.019328666748e+25
2.703451657222e+07	7.134738167899e+07	-3.052448473499e+09	4.957888661526e+09	4.642856988898e-01	4.875676601823e+25
2.740736938551e+07	6.997564290177e+07	-3.028182173019e+09	4.910140669996e+09	4.642856990717e-01	4.736174800368e+25
2.778536448497e+07	6.863096751054e+07	-3.004078575284e+09	4.862817186298e+09	4.642856992250e-01	4.600703257712e+25
2.816857279161e+07	6.731281871341e+07	-2.980136423218e+09	4.815915204607e+09	4.642856993541e-01	4.469145041294e+25
2.855706620461e+07	6.602067082630e+07	-2.956354449480e+09	4.769431654712e+09	4.642856994626e-01	4.341386945431e+25
2.895091761473e+07	6.475400834674e+07	-2.932731407672e+09	4.723363645537e+09	4.642856995537e-01	4.217318762570e+25
2.935020091803e+07	6.351232657944e+07	-2.909266034740e+09	4.677708095687e+09	4.642856996299e-01	4.096833909941e+25
2.975499102974e+07	6.229513118066e+07	-2.885957061248e+09	4.632462097183e+09	4.642856996937e-01	3.979829107900e+25
3.016536389827e+07	6.110193732753e+07	-2.862803240025e+09	4.587622816218e+09	4.642856997470e-01	3.866203756083e+25
3.058139651951e+07	5.993226948543e+07	-2.839803348593e+09	4.543187369958e+09	4.642856997913e-01	3.755859834404e+25
3.100316695126e+07	5.878566200348e+07	-2.816956152356e+09	4.499152894056e+09	4.642856998282e-01	3.648702472006e+25
3.143075432786e+07	5.766165817438e+07	-2.794260439878e+09	4.455516577365e+09	4.642856998588e-01	3.544639257037e+25
3.186423887506e+07	5.655981095029e+07	-2.771714979498e+09	4.412275515915e+09	4.642856998842e-01	3.443580869545e+25
3.230370192506e+07	5.547968239871e+07	-2.749318535837e+09	4.369426934346e+09	4.642856999052e-01	3.345440706771e+25
3.274922593177e+07	5.442084300378e+07	-2.727069895210e+09	4.326968124453e+09	4.642856999225e-01	3.250134408836e+25
3.320089448628e+07	5.338287148861e+07	-2.704967866542e+09	4.284896314871e+09	4.642856999368e-01	3.157579797716e+25
3.365879233254e+07	5.236535536398e+07	-2.683011245366e+09	4.243208802128e+09	4.642856999486e-01	3.067697347824e+25
3.412300538328e+07	5.136789002793e+07	-2.661198850669e+09	4.201902875258e+09	4.642856999582e-01	2.980409576801e+25
3.459362073611e+07	5.039007947584e+07	-2.639529479907e+09	4.160975774903e+09	4.642856999661e-01	2.895641607824e+25
3.507072668987e+07	4.943153575580e+07	-2.618001927870e+09	4.120424844372e+09	4.642856999726e-01	2.813320819516e+25
3.555441276118e+07	4.849187837728e+07	-2.596615009324e+09	4.080247501157e+09	4.642856999778e-01	2.733376482283e+25
3.604476970127e+07	4.757073413865e+07	-2.575367560674e+09	4.040441086554e+09	4.642856999821e-01	2.655739696449e+25
3.654188951297e+07	4.666773763592e+07	-2.554258404673e+09	4.001003014336e+09	4.642856999856e-01	2.580343783269e+25
3.704586546799e+07	4.578253043658e+07	-2.533286386839e+09	3.961930674812e+09	4.642856999885e-01	2.507123773917e+25
3.755679212443e+07	4.491476175268e+07	-2.512450330461e+09	3.923221432168e+09	4.642856999908e-01	2.436016887341e+25
3.807476534450e+07	4.406408792962e+07	-2.491749056092e+09	3.884872739610e+09	4.642856999926e-01	2.366962228400e+25
3.859988231252e+07	4.323017192039e+07	-2.471181402913e+09	3.846882111469e+09	4.642856999941e-01	2.299900490491e+25
3.913224155315e+07	4.241268313986e+07	-2.450746230069e+09	3.809247010422e+09	4.642856999953e-01	2.234773910475e+25
3.967194294987e+07	4.161129792227e+07	-2.430442382799e+09	3.771964951299e+09	4.642856999963e-01	2.171526582878e+25
4.021908776373e+07	4.082569878516e+07	-2.410268727117e+09	3.735033455757e+09	4.642856999970e-01	2.110104045414e+25
4.077377865235e+07	4.005557500989e+07	-2.390224108204e+09	3.698449997064e+09	4.642856999977e-01	2.050453650969e+25
4.133611968917e+07	3.930062222710e+07	-2.370307366497e+09	3.662212140485e+09	4.642856999982e-01	1.992524344621e+25
4.190621638299e+07	3.856054193244e+07	-2.350517359088e+09	3.626317509648e+09	4.642856999986e-01	1.936266413324e+25
4.248417569776e+07	3.783504133290e+07	-2.330852962298e+09	3.590763695298e+09	4.642856999989e-01	1.881631433051e+25
4.307010607262e+07	3.712383375711e+07	-2.311313039486e+09	3.555548282035e+09	4.642856999991e-01	1.828572522201e+25
4.366411744232e+07	3.642663804058e+07	-2.291896471506e+09	3.520668927913e+09	4.642856999993e-01	1.777044028198e+25
4.426632125776e+07	3.574317899436e+07	-2.272602120214e+09	3.486123209957e+09	4.642856999995e-01	1.727001798698e+25
4.487683050697e+07	3.507318709384e+07	-2.253428840152e+09	3.451908798411e+09	4.642856999996e-01	1.678403030581e+25
4.549575973626e+07	3.441639802660e+07	-2.234375500133e+09	3.418023412928e+09	4.642856999997e-01	1.631206054722e+25
4.612322507175e+07	3.377255254154e+07	-2.215440986596e+09	3.384464785497e+09	4.642856999998e-01	1.585370284818e+25
4.675934424112e+07	3.314139679009e+07	-2.196624174695e+09	3.351230564867e+09	4.642856999998e-01	1.540856407147e+25
4.740423659574e+07	3.252268187293e+07	-2.177923951016e+09	3.318318584489e+09	4.642856999999e-01	1.497626173548e+25
4.805802313302e+07	3.191616411026e+07	-2.159339188754e+09	3.285726508345e+09	4.642856999999e-01	1.455642545883e+25
4.872082651915e+07	3.132160492693e+07	-2.140868747997e+09	3.253452131246e+09	4.642856999999e-01	1.414869650727e+25
4.939277111211e+07	3.073877038316e+07	-2.122511500593e+09	3.221493279967e+09	4.642856999999e-01	1.375272571828e+25
5.007398298495e+07	3.016743102114e+07	-2.104266334610e+09	3.189847831794e+09	4.642857000000e-01	1.336817298994e+25
5.076458994953e+07	2.960736210887e+07	-2.086132131240e+09	3.158513473713e+09	4.642857000000e-01	1.299470852190e+25
5.146472158044e+07	2.905834343561e+07	-2.068107772418e+09	3.127488235483e+09	4.642857000000e-01	1.263201202697e+25
5.217450923932e+07	2.852015929835e+07	-2.050192135210e+09	3.096769866991e+09	4.642857000000e-01	1.227977275284e+25
5.289408609953e+07	2.799259861665e+07	-2.032384076758e+09	3.066356282143e+09	4.642857000000e-01	1.193769004692e+25
5.362358717110e+07	2.747545445177e+07	-2.014682462204e+09	3.036245416970e+09	4.642857000000e-01	1.160547139157e+25
5.436314932611e+07	2.696852385191e+07	-1.997086170160e+09	3.006435297834e+09	4.642857000000e-01	1.128283190191e+25
5.511291132432e+07	2.647160798762e+07	-1.979594076983e+09	2.976923693764e+09	4.642857000000e-01	1.096949497898e+25
5.587301383924e+07	2.598451218610e+07	-1.962205047923e+09	2.947708823424e+09	4.642857000000e-01	1.066519253176e+25
5.664359948451e+07	2.550704562813e+07	-1.944917953608e+09	2.918788537978e+09	4.642857000000e-01	1.036966382720e+25
5.742481284065e+07	2.503902171580e+07	-1.927731635891e+09	2.890160891737e+09	4.642857000000e-01	1.008265696772e+25
5.821680048220e+07	2.458025756332e+07	-1.910644940252e+09	2.861823944587e+09	4.642857000000e-01	9.803926975298e+24
5.901971100523e+07	2.413057383994e+07	-1.893656722354e+09	2.833775853158e+09	4.642857000000e-01	9.533235299223e+24
5.983369505520e+07	2.368979480754e+07	-1.876765839781e+09	2.806014542444e+09	4.642857000000e-01	9.270350030865e+24
6.065890535521e+07	2.325774854619e+07	-1.859971128371e+09	2.778538345770e+09	4.642857000000e-01	9.015046767905e+24
6.149549673470e+07	2.283426645491e+07	-1.843271435972e+09	2.751345277748e+09	4.642857000000e-01	8.767106866180e+24
6.234362615848e+07	2.241918376008e+07	-1.826665575862e+09	2.724433524819e+09	4.642857000000e-01	8.526319245439e+24
6.320345275616e+07	2.201233906310e+07	-1.810152357092e+09	2.697801291253e+09	4.642857000000e-01	8.292478832035e+24
6.407513785204e+07	2.161357416190e+07	-1.793730593645e+09	2.671446856803e+09	4.642857000000e-01	8.065386010442e+24
6.495884499533e+07	2.122273400840e+07	-1.777399102950e+09	2.645368423125e+09	4.642857000000e-01	7.844846539861e+24
6.585473999091e+07	2.083966700872e+07	-1.761156675421e+09	2.619564344264e+09	4.642857000000e-01	7.630672548697e+24
6.676299093037e+07	2.046422451498e+07	-1.745002111595e+09	2.594032891805e+09	4.642857000000e-01	7.422680926516e+24
6.768376822358e+07	2.009626129192e+07	-1.728934177198e+09	2.568772394369e+09	4.642857000000e-01	7.220694795774e+24
6.861724463064e+07	1.973563522688e+07	-1.712951622024e+09	2.543781231902e+09	4.642857000000e-01	7.024542593514e+24
6.956359529435e+07	1.938220710842e+07	-1.697053193720e+09	2.519057836127e+09	4.642857000000e-01	6.834057416173e+24
7.052299777300e+07	1.903584053777e+07	-1.681237640759e+09	2.494600683981e+09	4.642857000000e-01	6.649076792266e+24
7.149563207373e+07	1.869640214165e+07	-1.665503688807e+09	2.470408151967e+09	4.642857000000e-01	6.469443306221e+24
7.248168068628e+07	1.836376139114e+07	-1.649850051533e+09	2.446478875604e+09	4.642857000000e-01	6.295004075315e+24
7.348132861725e+07	1.803779062368e+07	-1.634275423573e+09	2.422811309478e+09	4.642857000000e-01	6.125610798820e+24
7.449476342481e+07	1.771836517555e+07	-1.618778463236e+09	2.399404058813e+09	4.642857000000e-01	5.961120091933e+24
7.552217525385e+07	1.740536305897e+07	-1.603357816585e+09	2.376255761389e+09	4.642857000000e-01	5.801392585879e+24
7.656375687172e+07	1.709866486040e+07	-1.588012122175e+09	2.353365148350e+09	4.642857000000e-01	5.646292664817e+24
7.761970370435e+07	1.679815378338e+07	-1.572740002679e+09	2.330730810018e+09	4.642857000000e-01	5.495688574115e+24
7.869021387294e+07	1.650371585693e+07	-1.557540040602e+09	2.308351657348e+09	4.642857000000e-01	5.349452922686e+24
7.977548823111e+07	1.621523951721e+07	-1.542410812835e+09	2.286226401999e+09	4.642857000000e-01	5.207461604841e+24
8.087573040261e+07	1.593261606967e+07	-1.527350842157e+09	2.264353912094e+09	4.642857000000e-01	5.069594899374e+24
8.199114681953e+07	1.565573937522e+07	-1.512358622159e+09	2.242733099522e+09	4.642857000000e-01	4.935736652054e+24
8.312194676098e+07	1.538450572863e+07	-1.497432624456e+09	2.221362953070e+09	4.642857000000e-01	4.805773959225e+24
8.426834239242e+07	1.511881381384e+07	-1.482571299036e+09	2.200242524598e+09	4.642857000000e-01	4.679597042404e+24
8.543054880543e+07	1.485856491193e+07	-1.467773049840e+09	2.179370822921e+09	4.642857000000e-01	4.557099673258e+24
8.660878405807e+07	1.460366273970e+07	-1.453036246992e+09	2.158747096681e+09	4.642857000000e-01	4.438178752000e+24
8.780326921581e+07	1.435401354066e+07	-1.438359216427e+09	2.138370499075e+09	4.642857000000e-01	4.322734416940e+24
8.901422839298e+07	1.410952629418e+07	-1.423740226729e+09	2.118240352884e+09	4.642857000000e-01	4.210670286143e+24
9.024188879487e+07	1.387011280203e+07	-1.409177527312e+09	2.098356087275e+09	4.642857000000e-01	4.101893040299e+24
9.148648076027e+07	1.363568894669e+07	-1.394669432803e+09	2.078717395280e+09	4.642857000000e-01	3.996312832512e+24
9.274823780478e+07	1.340618020978e+07	-1.380214665406e+09	2.059324624655e+09	4.642857000000e-01	3.893845721903e+24
9.402739666458e+07	1.318154476986e+07	-1.365813808051e+09	2.040180995013e+09	4.642857000000e-01	3.794424133422e+24
9.532419734084e+07	1.296186805619e+07	-1.351475648957e+09	2.021300980417e+09	4.642857000000e-01	3.698037309818e+24
9.663888314478e+07	1.274775670788e+07	-1.337243890430e+09	2.002745941645e+09	4.642857000000e-01	3.604901313662e+24
9.797170074327e+07	1.254195143736e+07	-1.323309309475e+09	1.984770287320e+09	4.642857000000e-01	3.516145834786e+24
9.932290020519e+07	1.235562165553e+07	-1.310457524899e+09	1.968392092151e+09	4.642857000000e-01	3.436468644562e+24
